三次
red_factor: [array([ 0.00601716, -0.07622087,  0.94396627,  0.56450072]), array([ 0.01882212, -0.16291977,  1.02901204,  0.16732712]), array([ 0.01882212, -0.16291977,  1.00051204,  0.04797299]), array([ 0.00941106, -0.08145989,  0.80173402,  0.12339626]), array([ 0.00941106, -0.08145989,  1.25223502,  0.17347477]), array([ 0.00941106, -0.08145989,  1.84877802,  0.2361403 ]), array([ 0.00941106, -0.08145989,  2.64877802,  0.30269702]), array([ 0.00941106, -0.08145989,  2.84877802,  0.27831445]), array([ 0.00941106, -0.08145989,  2.74877802,  0.32296516]), array([ 0.00739241, -0.06566868,  1.22370909, -0.00189409]), array([ 0.00429874, -0.03360843,  0.29900862, -0.00568639]), array([ 0.00013114, -0.00150944,  0.05392608,  0.00730274]), array([-5.40538668e-05,  2.97397340e-04,  9.45071981e-03,  6.67625266e-03]), array([ 1.08160162e-05, -8.38576123e-05,  5.09200425e-03,  5.11190937e-03]), array([-1.79713113e-05,  2.31805830e-06,  2.05637208e-03,  6.40338897e-03]), array([-1.79713113e-05,  2.31805830e-06,  1.05637208e-03,  6.10471394e-03])]

red_rr: [0.9973810701238712, 0.9939222641382843, 0.9933735677139981, 0.9982332412762505, 0.9994056777700644, 0.9997546731010881, 0.9998879290701858, 0.9999041006929708, 0.999896486891206, 0.9995122230599057, 0.9968303120659103, 0.9997431118868971, 0.9992939597737566, 0.99966612225871, 0.997895034284743, 0.9878356942100579]

yellow_factor: [array([-0.00738315,  0.04544626,  1.53659749,  0.48846716]), array([-0.00738315,  0.04544626,  1.63659749,  0.49878019]), array([-0.00738315,  0.04544626,  1.83659749,  0.48914232]), array([-0.00738315,  0.04544626,  1.64659749,  0.42301096]), array([-0.00738315,  0.04544626,  1.23659749,  0.32700656]), array([-0.00462346,  0.02697145,  0.81398114,  0.20871132]), array([-0.00462346,  0.02697145,  0.36398114,  0.10924804]), array([-0.00047667,  0.00281431,  0.1462686 ,  0.04750426]), array([-0.00047289,  0.00280053,  0.05621744,  0.02379837]), array([-0.00114903,  0.00803982,  0.0111316 ,  0.01212379]), array([-5.22683745e-05,  3.24501663e-04,  6.51164290e-03,  4.69830111e-03]), array([-1.56125347e-05,  1.21020426e-04,  1.97701558e-03,  2.46845339e-03]), array([-2.31846703e-06,  1.48556611e-05,  9.74270906e-04,  2.01608340e-03]), array([-2.31846703e-06,  1.48556611e-05,  5.74270906e-04,  1.77417473e-03]), array([-2.31846703e-06,  1.48556611e-05,  3.74270906e-04,  1.68304637e-03]), array([-2.09491559e-06,  1.32317065e-05,  3.06618567e-04,  1.45081029e-03])]

yellow_rr: [0.9999305241490476, 0.9999384969109328, 0.9999508168392275, 0.9999392178001547, 0.9998944940116559, 0.9998946301865802, 0.9995130898383647, 0.9999579142279039, 0.9997590915610752, 0.988886095421929, 0.9998593062872929, 0.9995142282304268, 0.9998505454552847, 0.9995816938919603, 0.9990500395704255, 0.9985993990363766]

blue_factor: [array([-0.00645429,  0.02619101,  0.38734653,  0.01719231]), array([-1.90533592e-04, -1.83906195e-03,  3.05502030e-01,  1.24363680e-02]), array([-1.90533592e-04, -1.83906195e-03,  2.95502030e-01,  1.05464360e-02]), array([-1.90533592e-04, -1.83906195e-03,  3.75502030e-01,  8.82541340e-03]), array([-1.90533592e-04, -1.83906195e-03,  4.05502030e-01,  1.08960835e-02]), array([-0.00113203, -0.00209366,  0.5735585 ,  0.01317576]), array([-0.00113203, -0.00209366,  0.7135585 ,  0.0178066 ]), array([-0.00400039,  0.02084434,  0.86887561,  0.02486974]), array([-0.00400039,  0.02084434,  1.26887561,  0.02722908]), array([ 4.74352397e-04, -2.10800194e-02,  1.76498998e+00,  1.35892848e-02]), array([ 4.74352397e-04, -2.10800194e-02,  1.96498998e+00,  2.08882237e-02]), array([ 0.00357093, -0.04352855,  2.09974902,  0.01737326]), array([ 4.74352397e-04, -2.10800194e-02,  1.98498998e+00,  1.65305725e-02]), array([-0.00400039,  0.02084434,  1.26887561,  0.02047947]), array([-1.90533592e-04, -1.83906195e-03,  5.05502030e-01,  1.05319186e-02]), array([-1.90533592e-04, -1.83906195e-03,  3.55502030e-01, -2.52737826e-03])]

blue_rr: [0.9967374672042918, 0.99975069174766, 0.9997327449823046, 0.9998376309189487, 0.9998614907694727, 0.9998094055201533, 0.9998798718173182, 0.9994150887443767, 0.9997233371936468, 0.9995218782950859, 0.9996183731722923, 0.9996024738162337, 0.9996263808035319, 0.9997233371936453, 0.9999120098553075, 0.999818127254274]

二次
red_factor: [array([-0.03117747,  0.86161498,  0.58377648]), array([-0.02202062,  0.77141099,  0.22762315]), array([-0.02202062,  0.74291099,  0.10826902]), array([-0.01101031,  0.6729335 ,  0.15354428]), array([-0.01101031,  1.1234345 ,  0.20362279]), array([-0.01101031,  1.7199775 ,  0.26628832]), array([-0.01101031,  2.5199775 ,  0.33284503]), array([-0.01101031,  2.7199775 ,  0.30846246]), array([-0.01101031,  2.6199775 ,  0.35311318]), array([-0.01033037,  1.12253597,  0.02178725]), array([-0.00142883,  0.24017578,  0.00808446]), array([-0.00052777,  0.05213133,  0.00772284]), array([-0.00010724,  0.01019051,  0.00650309]), array([-2.89077886e-06,  4.94397538e-03,  5.14655812e-03]), array([-0.00013221,  0.00230233,  0.00634582]), array([-0.00013221,  0.00130233,  0.00604714])]

red_rr: [0.9971851121849999, 0.9917356843245744, 0.9909895840392942, 0.9975976165882167, 0.9991918591671536, 0.9996664121339905, 0.9998476094448486, 0.9998695991131596, 0.9998592461029764, 0.999380838246633, 0.995893611115235, 0.999723759270974, 0.9992076116325659, 0.9996527823865311, 0.9975798089497634, 0.9860140505891543]

yellow_factor: [array([-0.00982275,  1.63764391,  0.46481547]), array([-0.00982275,  1.73764391,  0.4751285 ]), array([-0.00982275,  1.93764391,  0.46549064]), array([-0.00982275,  1.74764391,  0.39935927]), array([-0.00982275,  1.33764391,  0.30335488]), array([-0.007639  ,  0.87725823,  0.19390021]), array([-0.007639  ,  0.42725823,  0.09443693]), array([-0.00075399,  0.15279238,  0.04597726]), array([-0.00073943,  0.06268943,  0.02228349]), array([-0.00056163,  0.02685733,  0.00844291]), array([-6.67703820e-05,  7.22699208e-03,  4.53086112e-03]), array([4.14768097e-06, 2.19068999e-03, 2.41843916e-03]), array([-2.49998360e-06,  1.00600163e-03,  2.00865627e-03]), array([-2.49998360e-06,  6.06001632e-04,  1.76674760e-03]), array([-2.49998360e-06,  4.06001632e-04,  1.67561923e-03]), array([-2.45047057e-06,  3.35289750e-04,  1.44409930e-03])]

yellow_rr: [0.9998708259855248, 0.9998856494622443, 0.9999085554730968, 0.9998869897863065, 0.9998038364139652, 0.9998108548290148, 0.9991259668894911, 0.9999296207322819, 0.999582164482439, 0.982744081387708, 0.9997007324583761, 0.9993759847996763, 0.999835467465806, 0.9995394923308949, 0.9989542011107234, 0.9984834220482284]

blue_factor: [array([-0.0221247 ,  0.47568048, -0.0034838 ]), array([-0.00326536,  0.30810969,  0.011826  ]), array([-0.00326536,  0.29810969,  0.00993607]), array([-0.00326536,  0.37810969,  0.00821505]), array([-0.00326536,  0.40810969,  0.01028572]), array([-0.01056785,  0.58905156,  0.00954933]), array([-0.01056785,  0.72905156,  0.01418018]), array([-0.00910191,  0.9236253 ,  0.01205462]), array([-0.00910191,  1.3236253 ,  0.01441396]), array([-0.0175291 ,  1.75849796,  0.01510886]), array([-0.0175291 ,  1.95849796,  0.0224078 ]), array([-0.01679718,  2.05087698,  0.02881262]), array([-0.0175291 ,  1.97849796,  0.01805014]), array([-0.00910191,  1.3236253 ,  0.00766435]), array([-0.00326536,  0.50810969,  0.00992155]), array([-0.00326536,  0.35810969, -0.00313775])]

blue_rr: [0.9959051118310335, 0.9997495166315924, 0.9997314852740428, 0.9998368655912294, 0.9998608379053137, 0.9997971798977009, 0.999872166233145, 0.9993578905831327, 0.9996962824846525, 0.9995216561440983, 0.999618195855982, 0.9995933786833846, 0.999626207207829, 0.9996962824846519, 0.9999115951131881, 0.9998172699959048]

一次
red_factor: [array([0.71359192, 0.65797847]), array([0.66686242, 0.28003195]), array([0.63836242, 0.16067783]), array([0.62065921, 0.17974868]), array([1.07116021, 0.22982719]), array([1.66770321, 0.29249272]), array([2.46770321, 0.35904943]), array([2.66770321, 0.33466686]), array([2.56770321, 0.37931758]), array([1.07348988, 0.0463734 ]), array([0.23339202, 0.01148507]), array([0.0496256 , 0.00897892]), array([0.00968135, 0.00675832]), array([0.00493025, 0.00515344]), array([0.00167462, 0.00666048]), array([0.00067462, 0.00636181])]

red_rr: [0.9939716955334366, 0.9899076159057774, 0.9889964780756672, 0.9970662088567835, 0.9990130982397535, 0.9995926224257206, 0.9998139006210179, 0.9998407544087252, 0.9998281113104459, 0.9992241234679431, 0.9958304007742808, 0.9995322952067464, 0.9990000137843474, 0.9996522003480068, 0.9871588221664762, 0.9257926090017332]

yellow_factor: [array([1.59100787, 0.4881935 ]), array([1.69100787, 0.49850653]), array([1.89100787, 0.48886866]), array([1.70100787, 0.4227373 ]), array([1.29100787, 0.3267329 ]), array([0.84099012, 0.21208093]), array([0.39099012, 0.11261765]), array([0.14921264, 0.04777173]), array([0.05917879, 0.02404333]), array([0.02419087, 0.00977957]), array([0.00690998, 0.00468977]), array([0.00221038, 0.00240857]), array([0.00099413, 0.00201461]), array([0.00059413, 0.0017727 ]), array([0.00039413, 0.00168157]), array([0.00032366, 0.00144993])]

yellow_rr: [0.999806283077376, 0.9998285132318254, 0.9998628644281574, 0.9998305232603417, 0.9997058215897987, 0.9996711667580847, 0.9984804732799971, 0.9998863816308488, 0.9993179367898641, 0.9818477979269014, 0.9995426709118708, 0.9993700252514828, 0.9998247591569502, 0.9995095210040952, 0.9988861371404999, 0.9983864955032623]

blue_factor: [array([0.37063777, 0.04917271]), array([0.29260653, 0.01959752]), array([0.28260653, 0.01770759]), array([0.36260653, 0.01598657]), array([0.39260653, 0.01805724]), array([0.53887799, 0.03470068]), array([0.67887799, 0.03933152]), array([0.88041165, 0.03371704]), array([1.28041165, 0.03607638]), array([1.67527406, 0.05682789]), array([1.87527406, 0.06412683]), array([1.97112804, 0.0687897 ]), array([1.89527406, 0.05976918]), array([1.28041165, 0.02932677]), array([0.49260653, 0.01769307]), array([0.34260653, 0.00463378])]

blue_rr: [0.9899310261182642, 0.9995386995840236, 0.9995054922984816, 0.9996995650006465, 0.9997437133947277, 0.9991464025916326, 0.9994619933090837, 0.9991770288364383, 0.9996107349457363, 0.9993363583626915, 0.9994702950102907, 0.9994704582165683, 0.9994814097483423, 0.9996107349457365, 0.9998371899447075, 0.9996634769508419]
